552.000379 781.654345 -19.421247
175.227296 898.499920 -15.280579
175.227296 898.499920 -15.280579
299.346400 1125.943589 3.765400
299.346400 1125.943589 3.765400
676.119483 1009.098014 -0.375268
676.119483 1009.098014 -0.375268
552.000379 781.654345 -19.421247
500.653600 474.056411 -3.765400
123.880517 590.901986 0.375268
123.880517 590.901986 0.375268
247.999621 818.345655 19.421247
247.999621 818.345655 19.421247
624.772704 701.500080 15.280579
624.772704 701.500080 15.280579
500.653600 474.056411 -3.765400
552.000379 781.654345 -19.421247
500.653600 474.056411 -3.765400
175.227296 898.499920 -15.280579
123.880517 590.901986 0.375268
299.346400 1125.943589 3.765400
247.999621 818.345655 19.421247
676.119483 1009.098014 -0.375268
624.772704 701.500080 15.280579
