200.000000 400.000000 -200.000000
46.791111 528.557522 -200.000000
46.791111 528.557522 -200.000000
175.348633 681.766411 -200.000000
175.348633 681.766411 -200.000000
328.557522 553.208889 -200.000000
328.557522 553.208889 -200.000000
200.000000 400.000000 -200.000000
200.000000 400.000000 -200.000000
46.791111 528.557522 0.000000
46.791111 528.557522 -200.000000
46.791111 528.557522 0.000000
175.348633 681.766411 -200.000000
46.791111 528.557522 0.000000
328.557522 553.208889 -200.000000
46.791111 528.557522 0.000000
