12
200,000000 600,000000 -200,000000
230,608970 591,635029 -105,167947
230,608970 591,635029 -105,167947
272,931303 503,602289 -126,593555
272,931303 503,602289 -126,593555
242,322334 511,967259 -221,425607
242,322334 511,967259 -221,425607
200,000000 600,000000 -200,000000
114,724499 553,306705 -176,594336
145,333469 544,941734 -81,762283
145,333469 544,941734 -81,762283
187,655802 456,908993 -103,187891
187,655802 456,908993 -103,187891
157,046833 465,273964 -198,019943
157,046833 465,273964 -198,019943
114,724499 553,306705 -176,594336
200,000000 600,000000 -200,000000
114,724499 553,306705 -176,594336
230,608970 591,635029 -105,167947
145,333469 544,941734 -81,762283
272,931303 503,602289 -126,593555
187,655802 456,908993 -103,187891
242,322334 511,967259 -221,425607
157,046833 465,273964 -198,019943
